2025-10-13T00:00:15Z,12.3,11.11,30.1
2025-10-13T00:00:16Z,12.3,11.11,30.2
2025-10-13T00:00:17Z,12.3,11.11,30.3
2025-10-13T00:00:18Z,12.3,11.11,30.4
2025-10-13T00:00:15Z,12.3,11.11,30.1
2025-10-13T00:00:16Z,12.3,11.11,30.2
2025-10-13T00:00:17Z,12.3,11.11,30.3
2025-10-13T00:00:18Z,12.3,11.11,30.4
2025-10-13T00:00:15Z,12.3,11.11,30.1
2025-10-13T00:00:16Z,12.3,11.11,30.2
2025-10-13T00:00:17Z,12.3,11.11,30.3
2025-10-13T00:00:18Z,12.3,11.11,30.4
2025-10-13T00:00:15Z,12.3,11.11,30.1
2025-10-13T00:00:16Z,12.3,11.11,30.2
2025-10-13T00:00:17Z,12.3,11.11,30.3
2025-10-13T00:00:18Z,12.3,11.11,30.4
2025-10-13T00:00:15Z,12.3,11.11,30.1
2025-10-13T00:00:16Z,12.3,11.11,30.2
2025-10-13T00:00:17Z,12.3,11.11,30.3
2025-10-13T00:00:18Z,12.3,11.11,30.4
